Problem Name: AFIRO

A_sparse = [
(1, 0): -1.06
(3, 1): -1.0
(3, 12): 1.4
(5, 4): -1.06
(5, 5): -1.06
(5, 6): -0.96
(5, 7): -0.86
(11, 15): -0.43
(13, 16): -1.0
(13, 28): 1.4
(15, 20): 1.0
(15, 21): 1.0
(15, 22): 1.0
(15, 23): 1.0
(15, 31): 1.0
(20, 8): 2.364
(20, 9): 2.386
(20, 10): 2.408
(20, 11): 2.429
(20, 18): -1.0
(20, 24): 2.191
(20, 25): 2.219
(20, 26): 2.249
(20, 27): 2.279
(21, 2): -1.0
(21, 15): 0.109
(22, 13): -1.0
(22, 20): 0.109
(22, 21): 0.108
(22, 22): 0.108
(22, 23): 0.107
(23, 0): 0.301
(23, 17): -1.0
(24, 4): 0.301
(24, 5): 0.313
(24, 6): 0.313
(24, 7): 0.326
(24, 29): -1.0
(25, 3): 1.0
(25, 19): 1.0
(26, 14): 1.0
(26, 30): 1.0
]

b = [
0
0
80.0
0
0
0
0
0
0
0
0
0
500.0
0
0
0
500.0
0
0
0
0
0
0
0
0
310.0
0
]

c = [
0
-0.4
0
0
0
0
0
0
0
0
0
0
-0.32
0
0
0
-0.6
0
0
0
0
0
0
0
0
0
0
0
-0.48
0
0
0
]

Eqin = [
0
0
-1
-1
0
0
-1
-1
-1
-1
0
0
-1
-1
0
0
-1
-1
-1
-1
-1
-1
-1
-1
-1
-1
-1
]

MinMax = 1
