Problem Name: SC205-2R-8

A_sparse = [
(0, 0): 2.0
(0, 1): 1.0
(0, 2): 1.5
(3, 4): -1.0
(4, 0): -1.0
(4, 5): 1.0
(5, 1): -1.0
(5, 6): 1.0
(6, 2): -1.0
(6, 7): 1.0
(7, 8): 1.0
(8, 9): 1.0
(9, 10): 1.0
(10, 11): 2.0
(10, 12): 1.0
(10, 13): 1.5
(13, 3): 1.1
(13, 14): -1.0
(14, 4): 1.0
(14, 15): -1.0
(15, 5): -1.0
(15, 11): -1.0
(15, 16): 1.0
(16, 6): -1.0
(16, 12): -1.0
(16, 17): 1.0
(17, 7): -1.0
(17, 13): -1.0
(17, 18): 1.0
(18, 19): 1.0
(19, 20): 1.0
(20, 21): 1.0
(21, 22): 2.0
(21, 23): 1.0
(21, 24): 1.5
(24, 14): 1.1
(24, 25): -1.0
(25, 15): 1.0
(25, 26): -1.0
(26, 16): -1.0
(26, 22): -1.0
(26, 27): 1.0
(27, 17): -1.0
(27, 23): -1.0
(27, 28): 1.0
(28, 18): -1.0
(28, 24): -1.0
(28, 29): 1.0
(29, 30): 1.0
(30, 31): 1.0
(31, 32): 1.0
(32, 33): 2.0
(32, 34): 1.0
(32, 35): 1.5
(35, 36): -1.0
(36, 37): -1.0
(37, 38): 1.0
(38, 39): 1.0
(39, 40): 1.0
(40, 41): 1.0
(41, 42): 1.0
(42, 43): 1.0
(43, 44): 2.0
(43, 45): 1.0
(43, 46): 1.5
(46, 36): 1.1
(46, 47): -1.0
(47, 37): 1.0
(47, 48): -1.0
(48, 38): -1.0
(48, 44): -1.0
(48, 49): 1.0
(49, 39): -1.0
(49, 45): -1.0
(49, 50): 1.0
(50, 40): -1.0
(50, 46): -1.0
(50, 51): 1.0
(51, 52): 1.0
(52, 53): 1.0
(53, 54): 1.0
(54, 55): 2.0
(54, 56): 1.0
(54, 57): 1.5
(57, 3): 1.1
(57, 58): -1.0
(58, 4): 1.0
(58, 59): -1.0
(59, 5): -1.0
(59, 11): -1.0
(59, 60): 1.0
(60, 6): -1.0
(60, 12): -1.0
(60, 61): 1.0
(61, 7): -1.0
(61, 13): -1.0
(61, 62): 1.0
(62, 63): 1.0
(63, 64): 1.0
(64, 65): 1.0
(65, 66): 2.0
(65, 67): 1.0
(65, 68): 1.5
(68, 58): 1.1
(68, 69): -1.0
(69, 59): 1.0
(69, 70): -1.0
(70, 60): -1.0
(70, 66): -1.0
(70, 71): 1.0
(71, 61): -1.0
(71, 67): -1.0
(71, 72): 1.0
(72, 62): -1.0
(72, 68): -1.0
(72, 73): 1.0
(73, 74): 1.0
(74, 75): 1.0
(75, 76): 1.0
(76, 77): 2.0
(76, 78): 1.0
(76, 79): 1.5
(79, 80): -1.0
(80, 81): -1.0
(81, 82): 1.0
(82, 83): 1.0
(83, 84): 1.0
(84, 85): 1.0
(85, 86): 1.0
(86, 87): 1.0
(87, 88): 2.0
(87, 89): 1.0
(87, 90): 1.5
(90, 80): 1.1
(90, 91): -1.0
(91, 81): 1.0
(91, 92): -1.0
(92, 82): -1.0
(92, 88): -1.0
(92, 93): 1.0
(93, 83): -1.0
(93, 89): -1.0
(93, 94): 1.0
(94, 84): -1.0
(94, 90): -1.0
(94, 95): 1.0
(95, 96): 1.0
(96, 97): 1.0
(97, 98): 1.0
(98, 99): 2.0
(98, 100): 1.0
(98, 101): 1.5
(101, 3): 1.1
(101, 102): -1.0
(102, 4): 1.0
(102, 103): -1.0
(103, 5): -1.0
(103, 11): -1.0
(103, 104): 1.0
(104, 6): -1.0
(104, 12): -1.0
(104, 105): 1.0
(105, 7): -1.0
(105, 13): -1.0
(105, 106): 1.0
(106, 107): 1.0
(107, 108): 1.0
(108, 109): 1.0
(109, 110): 2.0
(109, 111): 1.0
(109, 112): 1.5
(112, 102): 1.1
(112, 113): -1.0
(113, 103): 1.0
(113, 114): -1.0
(114, 104): -1.0
(114, 110): -1.0
(114, 115): 1.0
(115, 105): -1.0
(115, 111): -1.0
(115, 116): 1.0
(116, 106): -1.0
(116, 112): -1.0
(116, 117): 1.0
(117, 118): 1.0
(118, 119): 1.0
(119, 120): 1.0
(120, 121): 2.0
(120, 122): 1.0
(120, 123): 1.5
(123, 124): -1.0
(124, 125): -1.0
(125, 126): 1.0
(126, 127): 1.0
(127, 128): 1.0
(128, 129): 1.0
(129, 130): 1.0
(130, 131): 1.0
(131, 132): 2.0
(131, 133): 1.0
(131, 134): 1.5
(134, 124): 1.1
(134, 135): -1.0
(135, 125): 1.0
(135, 136): -1.0
(136, 126): -1.0
(136, 132): -1.0
(136, 137): 1.0
(137, 127): -1.0
(137, 133): -1.0
(137, 138): 1.0
(138, 128): -1.0
(138, 134): -1.0
(138, 139): 1.0
(139, 140): 1.0
(140, 141): 1.0
(141, 142): 1.0
(142, 143): 2.0
(142, 144): 1.0
(142, 145): 1.5
(145, 3): 1.1
(145, 146): -1.0
(146, 4): 1.0
(146, 147): -1.0
(147, 5): -1.0
(147, 11): -1.0
(147, 148): 1.0
(148, 6): -1.0
(148, 12): -1.0
(148, 149): 1.0
(149, 7): -1.0
(149, 13): -1.0
(149, 150): 1.0
(150, 151): 1.0
(151, 152): 1.0
(152, 153): 1.0
(153, 154): 2.0
(153, 155): 1.0
(153, 156): 1.5
(156, 146): 1.1
(156, 157): -1.0
(157, 147): 1.0
(157, 158): -1.0
(158, 148): -1.0
(158, 154): -1.0
(158, 159): 1.0
(159, 149): -1.0
(159, 155): -1.0
(159, 160): 1.0
(160, 150): -1.0
(160, 156): -1.0
(160, 161): 1.0
(161, 162): 1.0
(162, 163): 1.0
(163, 164): 1.0
(164, 165): 2.0
(164, 166): 1.0
(164, 167): 1.5
(167, 168): -1.0
(168, 169): -1.0
(169, 170): 1.0
(170, 171): 1.0
(171, 172): 1.0
(172, 173): 1.0
(173, 174): 1.0
(174, 175): 1.0
(175, 176): 2.0
(175, 177): 1.0
(175, 178): 1.5
(178, 168): 1.1
(178, 179): -1.0
(179, 169): 1.0
(179, 180): -1.0
(180, 170): -1.0
(180, 176): -1.0
(180, 181): 1.0
(181, 171): -1.0
(181, 177): -1.0
(181, 182): 1.0
(182, 172): -1.0
(182, 178): -1.0
(182, 183): 1.0
(183, 184): 1.0
(184, 185): 1.0
(185, 186): 1.0
(186, 187): 2.0
(186, 188): 1.0
(186, 189): 1.5
]

b = [
0
0
0
0
0
0
0
0
0
0
0
0
0
0
0
0
0
0
0
0
0
0
0
0
0
0
0
0
0
0
0
0
0
0
0
0
0
0
0
0
0
0
0
0
0
0
0
0
0
0
0
0
0
0
0
0
0
0
0
0
0
0
0
0
0
0
0
0
0
0
0
0
0
0
0
0
0
0
0
0
0
0
0
0
0
0
0
0
0
0
0
0
0
0
0
0
0
0
0
0
0
0
0
0
0
0
0
0
0
0
0
0
0
0
0
0
0
0
0
0
0
0
0
0
0
0
0
0
0
0
0
0
0
0
0
0
0
0
0
0
0
0
0
0
0
0
0
0
0
0
0
0
0
0
0
0
0
0
0
0
0
0
0
0
0
0
0
0
0
0
0
0
0
0
0
0
0
0
0
0
0
0
0
0
0
0
0
0
0
]

c = [
0
0
0
-1.0
0
0
0
0
0
0
0
0
0
0
0
0
0
0
0
0
0
0
0
0
0
0
0
0
0
0
0
0
0
0
0
0
0
0
0
0
0
0
0
0
0
0
0
0
0
0
0
0
0
0
0
0
0
0
0
0
0
0
0
0
0
0
0
0
0
0
0
0
0
0
0
0
0
0
0
0
0
0
0
0
0
0
0
0
0
0
0
0
0
0
0
0
0
0
0
0
0
0
0
0
0
0
0
0
0
0
0
0
0
0
0
0
0
0
0
0
0
0
0
0
0
0
0
0
0
0
0
0
0
0
0
0
0
0
0
0
0
0
0
0
0
0
0
0
0
0
0
0
0
0
0
0
0
0
0
0
0
0
0
0
0
0
0
0
0
0
0
0
0
0
0
0
0
0
0
0
0
0
0
0
0
0
0
0
0
0
]

Eqin = [
-1
-1
-1
0
0
0
0
-1
-1
-1
-1
-1
-1
0
0
0
0
0
-1
-1
-1
-1
-1
-1
-1
-1
-1
-1
-1
-1
-1
-1
-1
-1
-1
0
0
0
0
0
-1
-1
-1
-1
-1
-1
-1
-1
-1
-1
-1
-1
-1
-1
-1
-1
-1
0
0
0
0
0
-1
-1
-1
-1
-1
-1
-1
-1
-1
-1
-1
-1
-1
-1
-1
-1
-1
0
0
0
0
0
-1
-1
-1
-1
-1
-1
-1
-1
-1
-1
-1
-1
-1
-1
-1
-1
-1
0
0
0
0
0
-1
-1
-1
-1
-1
-1
-1
-1
-1
-1
-1
-1
-1
-1
-1
-1
-1
0
0
0
0
0
-1
-1
-1
-1
-1
-1
-1
-1
-1
-1
-1
-1
-1
-1
-1
-1
-1
0
0
0
0
0
-1
-1
-1
-1
-1
-1
-1
-1
-1
-1
-1
-1
-1
-1
-1
-1
-1
0
0
0
0
0
-1
-1
-1
-1
-1
-1
-1
-1
-1
-1
-1
-1
-1
-1
-1
-1
-1
]

MinMax = 1
