Problem Name: SC205-2R-50

A_sparse = [
(0, 0): 2.0
(0, 1): 1.0
(0, 2): 1.5
(3, 4): -1.0
(4, 0): -1.0
(4, 5): 1.0
(5, 1): -1.0
(5, 6): 1.0
(6, 2): -1.0
(6, 7): 1.0
(7, 8): 1.0
(8, 9): 1.0
(9, 10): 1.0
(10, 11): 2.0
(10, 12): 1.0
(10, 13): 1.5
(13, 3): 1.1
(13, 14): -1.0
(14, 4): 1.0
(14, 15): -1.0
(15, 5): -1.0
(15, 11): -1.0
(15, 16): 1.0
(16, 6): -1.0
(16, 12): -1.0
(16, 17): 1.0
(17, 7): -1.0
(17, 13): -1.0
(17, 18): 1.0
(18, 19): 1.0
(19, 20): 1.0
(20, 21): 1.0
(21, 22): 2.0
(21, 23): 1.0
(21, 24): 1.5
(24, 14): 1.1
(24, 25): -1.0
(25, 15): 1.0
(25, 26): -1.0
(26, 16): -1.0
(26, 22): -1.0
(26, 27): 1.0
(27, 17): -1.0
(27, 23): -1.0
(27, 28): 1.0
(28, 18): -1.0
(28, 24): -1.0
(28, 29): 1.0
(29, 30): 1.0
(30, 31): 1.0
(31, 32): 1.0
(32, 33): 2.0
(32, 34): 1.0
(32, 35): 1.5
(35, 36): -1.0
(36, 37): -1.0
(37, 38): 1.0
(38, 39): 1.0
(39, 40): 1.0
(40, 41): 1.0
(41, 42): 1.0
(42, 43): 1.0
(43, 44): 2.0
(43, 45): 1.0
(43, 46): 1.5
(46, 36): 1.1
(46, 47): -1.0
(47, 37): 1.0
(47, 48): -1.0
(48, 38): -1.0
(48, 44): -1.0
(48, 49): 1.0
(49, 39): -1.0
(49, 45): -1.0
(49, 50): 1.0
(50, 40): -1.0
(50, 46): -1.0
(50, 51): 1.0
(51, 52): 1.0
(52, 53): 1.0
(53, 54): 1.0
(54, 55): 2.0
(54, 56): 1.0
(54, 57): 1.5
(57, 3): 1.1
(57, 58): -1.0
(58, 4): 1.0
(58, 59): -1.0
(59, 5): -1.0
(59, 11): -1.0
(59, 60): 1.0
(60, 6): -1.0
(60, 12): -1.0
(60, 61): 1.0
(61, 7): -1.0
(61, 13): -1.0
(61, 62): 1.0
(62, 63): 1.0
(63, 64): 1.0
(64, 65): 1.0
(65, 66): 2.0
(65, 67): 1.0
(65, 68): 1.5
(68, 58): 1.1
(68, 69): -1.0
(69, 59): 1.0
(69, 70): -1.0
(70, 60): -1.0
(70, 66): -1.0
(70, 71): 1.0
(71, 61): -1.0
(71, 67): -1.0
(71, 72): 1.0
(72, 62): -1.0
(72, 68): -1.0
(72, 73): 1.0
(73, 74): 1.0
(74, 75): 1.0
(75, 76): 1.0
(76, 77): 2.0
(76, 78): 1.0
(76, 79): 1.5
(79, 80): -1.0
(80, 81): -1.0
(81, 82): 1.0
(82, 83): 1.0
(83, 84): 1.0
(84, 85): 1.0
(85, 86): 1.0
(86, 87): 1.0
(87, 88): 2.0
(87, 89): 1.0
(87, 90): 1.5
(90, 80): 1.1
(90, 91): -1.0
(91, 81): 1.0
(91, 92): -1.0
(92, 82): -1.0
(92, 88): -1.0
(92, 93): 1.0
(93, 83): -1.0
(93, 89): -1.0
(93, 94): 1.0
(94, 84): -1.0
(94, 90): -1.0
(94, 95): 1.0
(95, 96): 1.0
(96, 97): 1.0
(97, 98): 1.0
(98, 99): 2.0
(98, 100): 1.0
(98, 101): 1.5
(101, 3): 1.1
(101, 102): -1.0
(102, 4): 1.0
(102, 103): -1.0
(103, 5): -1.0
(103, 11): -1.0
(103, 104): 1.0
(104, 6): -1.0
(104, 12): -1.0
(104, 105): 1.0
(105, 7): -1.0
(105, 13): -1.0
(105, 106): 1.0
(106, 107): 1.0
(107, 108): 1.0
(108, 109): 1.0
(109, 110): 2.0
(109, 111): 1.0
(109, 112): 1.5
(112, 102): 1.1
(112, 113): -1.0
(113, 103): 1.0
(113, 114): -1.0
(114, 104): -1.0
(114, 110): -1.0
(114, 115): 1.0
(115, 105): -1.0
(115, 111): -1.0
(115, 116): 1.0
(116, 106): -1.0
(116, 112): -1.0
(116, 117): 1.0
(117, 118): 1.0
(118, 119): 1.0
(119, 120): 1.0
(120, 121): 2.0
(120, 122): 1.0
(120, 123): 1.5
(123, 124): -1.0
(124, 125): -1.0
(125, 126): 1.0
(126, 127): 1.0
(127, 128): 1.0
(128, 129): 1.0
(129, 130): 1.0
(130, 131): 1.0
(131, 132): 2.0
(131, 133): 1.0
(131, 134): 1.5
(134, 124): 1.1
(134, 135): -1.0
(135, 125): 1.0
(135, 136): -1.0
(136, 126): -1.0
(136, 132): -1.0
(136, 137): 1.0
(137, 127): -1.0
(137, 133): -1.0
(137, 138): 1.0
(138, 128): -1.0
(138, 134): -1.0
(138, 139): 1.0
(139, 140): 1.0
(140, 141): 1.0
(141, 142): 1.0
(142, 143): 2.0
(142, 144): 1.0
(142, 145): 1.5
(145, 3): 1.1
(145, 146): -1.0
(146, 4): 1.0
(146, 147): -1.0
(147, 5): -1.0
(147, 11): -1.0
(147, 148): 1.0
(148, 6): -1.0
(148, 12): -1.0
(148, 149): 1.0
(149, 7): -1.0
(149, 13): -1.0
(149, 150): 1.0
(150, 151): 1.0
(151, 152): 1.0
(152, 153): 1.0
(153, 154): 2.0
(153, 155): 1.0
(153, 156): 1.5
(156, 146): 1.1
(156, 157): -1.0
(157, 147): 1.0
(157, 158): -1.0
(158, 148): -1.0
(158, 154): -1.0
(158, 159): 1.0
(159, 149): -1.0
(159, 155): -1.0
(159, 160): 1.0
(160, 150): -1.0
(160, 156): -1.0
(160, 161): 1.0
(161, 162): 1.0
(162, 163): 1.0
(163, 164): 1.0
(164, 165): 2.0
(164, 166): 1.0
(164, 167): 1.5
(167, 168): -1.0
(168, 169): -1.0
(169, 170): 1.0
(170, 171): 1.0
(171, 172): 1.0
(172, 173): 1.0
(173, 174): 1.0
(174, 175): 1.0
(175, 176): 2.0
(175, 177): 1.0
(175, 178): 1.5
(178, 168): 1.1
(178, 179): -1.0
(179, 169): 1.0
(179, 180): -1.0
(180, 170): -1.0
(180, 176): -1.0
(180, 181): 1.0
(181, 171): -1.0
(181, 177): -1.0
(181, 182): 1.0
(182, 172): -1.0
(182, 178): -1.0
(182, 183): 1.0
(183, 184): 1.0
(184, 185): 1.0
(185, 186): 1.0
(186, 187): 2.0
(186, 188): 1.0
(186, 189): 1.5
(189, 3): 1.1
(189, 190): -1.0
(190, 4): 1.0
(190, 191): -1.0
(191, 5): -1.0
(191, 11): -1.0
(191, 192): 1.0
(192, 6): -1.0
(192, 12): -1.0
(192, 193): 1.0
(193, 7): -1.0
(193, 13): -1.0
(193, 194): 1.0
(194, 195): 1.0
(195, 196): 1.0
(196, 197): 1.0
(197, 198): 2.0
(197, 199): 1.0
(197, 200): 1.5
(200, 190): 1.1
(200, 201): -1.0
(201, 191): 1.0
(201, 202): -1.0
(202, 192): -1.0
(202, 198): -1.0
(202, 203): 1.0
(203, 193): -1.0
(203, 199): -1.0
(203, 204): 1.0
(204, 194): -1.0
(204, 200): -1.0
(204, 205): 1.0
(205, 206): 1.0
(206, 207): 1.0
(207, 208): 1.0
(208, 209): 2.0
(208, 210): 1.0
(208, 211): 1.5
(211, 212): -1.0
(212, 213): -1.0
(213, 214): 1.0
(214, 215): 1.0
(215, 216): 1.0
(216, 217): 1.0
(217, 218): 1.0
(218, 219): 1.0
(219, 220): 2.0
(219, 221): 1.0
(219, 222): 1.5
(222, 212): 1.1
(222, 223): -1.0
(223, 213): 1.0
(223, 224): -1.0
(224, 214): -1.0
(224, 220): -1.0
(224, 225): 1.0
(225, 215): -1.0
(225, 221): -1.0
(225, 226): 1.0
(226, 216): -1.0
(226, 222): -1.0
(226, 227): 1.0
(227, 228): 1.0
(228, 229): 1.0
(229, 230): 1.0
(230, 231): 2.0
(230, 232): 1.0
(230, 233): 1.5
(233, 3): 1.1
(233, 234): -1.0
(234, 4): 1.0
(234, 235): -1.0
(235, 5): -1.0
(235, 11): -1.0
(235, 236): 1.0
(236, 6): -1.0
(236, 12): -1.0
(236, 237): 1.0
(237, 7): -1.0
(237, 13): -1.0
(237, 238): 1.0
(238, 239): 1.0
(239, 240): 1.0
(240, 241): 1.0
(241, 242): 2.0
(241, 243): 1.0
(241, 244): 1.5
(244, 234): 1.1
(244, 245): -1.0
(245, 235): 1.0
(245, 246): -1.0
(246, 236): -1.0
(246, 242): -1.0
(246, 247): 1.0
(247, 237): -1.0
(247, 243): -1.0
(247, 248): 1.0
(248, 238): -1.0
(248, 244): -1.0
(248, 249): 1.0
(249, 250): 1.0
(250, 251): 1.0
(251, 252): 1.0
(252, 253): 2.0
(252, 254): 1.0
(252, 255): 1.5
(255, 256): -1.0
(256, 257): -1.0
(257, 258): 1.0
(258, 259): 1.0
(259, 260): 1.0
(260, 261): 1.0
(261, 262): 1.0
(262, 263): 1.0
(263, 264): 2.0
(263, 265): 1.0
(263, 266): 1.5
(266, 256): 1.1
(266, 267): -1.0
(267, 257): 1.0
(267, 268): -1.0
(268, 258): -1.0
(268, 264): -1.0
(268, 269): 1.0
(269, 259): -1.0
(269, 265): -1.0
(269, 270): 1.0
(270, 260): -1.0
(270, 266): -1.0
(270, 271): 1.0
(271, 272): 1.0
(272, 273): 1.0
(273, 274): 1.0
(274, 275): 2.0
(274, 276): 1.0
(274, 277): 1.5
(277, 3): 1.1
(277, 278): -1.0
(278, 4): 1.0
(278, 279): -1.0
(279, 5): -1.0
(279, 11): -1.0
(279, 280): 1.0
(280, 6): -1.0
(280, 12): -1.0
(280, 281): 1.0
(281, 7): -1.0
(281, 13): -1.0
(281, 282): 1.0
(282, 283): 1.0
(283, 284): 1.0
(284, 285): 1.0
(285, 286): 2.0
(285, 287): 1.0
(285, 288): 1.5
(288, 278): 1.1
(288, 289): -1.0
(289, 279): 1.0
(289, 290): -1.0
(290, 280): -1.0
(290, 286): -1.0
(290, 291): 1.0
(291, 281): -1.0
(291, 287): -1.0
(291, 292): 1.0
(292, 282): -1.0
(292, 288): -1.0
(292, 293): 1.0
(293, 294): 1.0
(294, 295): 1.0
(295, 296): 1.0
(296, 297): 2.0
(296, 298): 1.0
(296, 299): 1.5
(299, 300): -1.0
(300, 301): -1.0
(301, 302): 1.0
(302, 303): 1.0
(303, 304): 1.0
(304, 305): 1.0
(305, 306): 1.0
(306, 307): 1.0
(307, 308): 2.0
(307, 309): 1.0
(307, 310): 1.5
(310, 300): 1.1
(310, 311): -1.0
(311, 301): 1.0
(311, 312): -1.0
(312, 302): -1.0
(312, 308): -1.0
(312, 313): 1.0
(313, 303): -1.0
(313, 309): -1.0
(313, 314): 1.0
(314, 304): -1.0
(314, 310): -1.0
(314, 315): 1.0
(315, 316): 1.0
(316, 317): 1.0
(317, 318): 1.0
(318, 319): 2.0
(318, 320): 1.0
(318, 321): 1.5
(321, 3): 1.1
(321, 322): -1.0
(322, 4): 1.0
(322, 323): -1.0
(323, 5): -1.0
(323, 11): -1.0
(323, 324): 1.0
(324, 6): -1.0
(324, 12): -1.0
(324, 325): 1.0
(325, 7): -1.0
(325, 13): -1.0
(325, 326): 1.0
(326, 327): 1.0
(327, 328): 1.0
(328, 329): 1.0
(329, 330): 2.0
(329, 331): 1.0
(329, 332): 1.5
(332, 322): 1.1
(332, 333): -1.0
(333, 323): 1.0
(333, 334): -1.0
(334, 324): -1.0
(334, 330): -1.0
(334, 335): 1.0
(335, 325): -1.0
(335, 331): -1.0
(335, 336): 1.0
(336, 326): -1.0
(336, 332): -1.0
(336, 337): 1.0
(337, 338): 1.0
(338, 339): 1.0
(339, 340): 1.0
(340, 341): 2.0
(340, 342): 1.0
(340, 343): 1.5
(343, 344): -1.0
(344, 345): -1.0
(345, 346): 1.0
(346, 347): 1.0
(347, 348): 1.0
(348, 349): 1.0
(349, 350): 1.0
(350, 351): 1.0
(351, 352): 2.0
(351, 353): 1.0
(351, 354): 1.5
(354, 344): 1.1
(354, 355): -1.0
(355, 345): 1.0
(355, 356): -1.0
(356, 346): -1.0
(356, 352): -1.0
(356, 357): 1.0
(357, 347): -1.0
(357, 353): -1.0
(357, 358): 1.0
(358, 348): -1.0
(358, 354): -1.0
(358, 359): 1.0
(359, 360): 1.0
(360, 361): 1.0
(361, 362): 1.0
(362, 363): 2.0
(362, 364): 1.0
(362, 365): 1.5
(365, 3): 1.1
(365, 366): -1.0
(366, 4): 1.0
(366, 367): -1.0
(367, 5): -1.0
(367, 11): -1.0
(367, 368): 1.0
(368, 6): -1.0
(368, 12): -1.0
(368, 369): 1.0
(369, 7): -1.0
(369, 13): -1.0
(369, 370): 1.0
(370, 371): 1.0
(371, 372): 1.0
(372, 373): 1.0
(373, 374): 2.0
(373, 375): 1.0
(373, 376): 1.5
(376, 366): 1.1
(376, 377): -1.0
(377, 367): 1.0
(377, 378): -1.0
(378, 368): -1.0
(378, 374): -1.0
(378, 379): 1.0
(379, 369): -1.0
(379, 375): -1.0
(379, 380): 1.0
(380, 370): -1.0
(380, 376): -1.0
(380, 381): 1.0
(381, 382): 1.0
(382, 383): 1.0
(383, 384): 1.0
(384, 385): 2.0
(384, 386): 1.0
(384, 387): 1.5
(387, 388): -1.0
(388, 389): -1.0
(389, 390): 1.0
(390, 391): 1.0
(391, 392): 1.0
(392, 393): 1.0
(393, 394): 1.0
(394, 395): 1.0
(395, 396): 2.0
(395, 397): 1.0
(395, 398): 1.5
(398, 388): 1.1
(398, 399): -1.0
(399, 389): 1.0
(399, 400): -1.0
(400, 390): -1.0
(400, 396): -1.0
(400, 401): 1.0
(401, 391): -1.0
(401, 397): -1.0
(401, 402): 1.0
(402, 392): -1.0
(402, 398): -1.0
(402, 403): 1.0
(403, 404): 1.0
(404, 405): 1.0
(405, 406): 1.0
(406, 407): 2.0
(406, 408): 1.0
(406, 409): 1.5
(409, 3): 1.1
(409, 410): -1.0
(410, 4): 1.0
(410, 411): -1.0
(411, 5): -1.0
(411, 11): -1.0
(411, 412): 1.0
(412, 6): -1.0
(412, 12): -1.0
(412, 413): 1.0
(413, 7): -1.0
(413, 13): -1.0
(413, 414): 1.0
(414, 415): 1.0
(415, 416): 1.0
(416, 417): 1.0
(417, 418): 2.0
(417, 419): 1.0
(417, 420): 1.5
(420, 410): 1.1
(420, 421): -1.0
(421, 411): 1.0
(421, 422): -1.0
(422, 412): -1.0
(422, 418): -1.0
(422, 423): 1.0
(423, 413): -1.0
(423, 419): -1.0
(423, 424): 1.0
(424, 414): -1.0
(424, 420): -1.0
(424, 425): 1.0
(425, 426): 1.0
(426, 427): 1.0
(427, 428): 1.0
(428, 429): 2.0
(428, 430): 1.0
(428, 431): 1.5
(431, 432): -1.0
(432, 433): -1.0
(433, 434): 1.0
(434, 435): 1.0
(435, 436): 1.0
(436, 437): 1.0
(437, 438): 1.0
(438, 439): 1.0
(439, 440): 2.0
(439, 441): 1.0
(439, 442): 1.5
(442, 432): 1.1
(442, 443): -1.0
(443, 433): 1.0
(443, 444): -1.0
(444, 434): -1.0
(444, 440): -1.0
(444, 445): 1.0
(445, 435): -1.0
(445, 441): -1.0
(445, 446): 1.0
(446, 436): -1.0
(446, 442): -1.0
(446, 447): 1.0
(447, 448): 1.0
(448, 449): 1.0
(449, 450): 1.0
(450, 451): 2.0
(450, 452): 1.0
(450, 453): 1.5
(453, 3): 1.1
(453, 454): -1.0
(454, 4): 1.0
(454, 455): -1.0
(455, 5): -1.0
(455, 11): -1.0
(455, 456): 1.0
(456, 6): -1.0
(456, 12): -1.0
(456, 457): 1.0
(457, 7): -1.0
(457, 13): -1.0
(457, 458): 1.0
(458, 459): 1.0
(459, 460): 1.0
(460, 461): 1.0
(461, 462): 2.0
(461, 463): 1.0
(461, 464): 1.5
(464, 454): 1.1
(464, 465): -1.0
(465, 455): 1.0
(465, 466): -1.0
(466, 456): -1.0
(466, 462): -1.0
(466, 467): 1.0
(467, 457): -1.0
(467, 463): -1.0
(467, 468): 1.0
(468, 458): -1.0
(468, 464): -1.0
(468, 469): 1.0
(469, 470): 1.0
(470, 471): 1.0
(471, 472): 1.0
(472, 473): 2.0
(472, 474): 1.0
(472, 475): 1.5
(475, 476): -1.0
(476, 477): -1.0
(477, 478): 1.0
(478, 479): 1.0
(479, 480): 1.0
(480, 481): 1.0
(481, 482): 1.0
(482, 483): 1.0
(483, 484): 2.0
(483, 485): 1.0
(483, 486): 1.5
(486, 476): 1.1
(486, 487): -1.0
(487, 477): 1.0
(487, 488): -1.0
(488, 478): -1.0
(488, 484): -1.0
(488, 489): 1.0
(489, 479): -1.0
(489, 485): -1.0
(489, 490): 1.0
(490, 480): -1.0
(490, 486): -1.0
(490, 491): 1.0
(491, 492): 1.0
(492, 493): 1.0
(493, 494): 1.0
(494, 495): 2.0
(494, 496): 1.0
(494, 497): 1.5
(497, 3): 1.1
(497, 498): -1.0
(498, 4): 1.0
(498, 499): -1.0
(499, 5): -1.0
(499, 11): -1.0
(499, 500): 1.0
(500, 6): -1.0
(500, 12): -1.0
(500, 501): 1.0
(501, 7): -1.0
(501, 13): -1.0
(501, 502): 1.0
(502, 503): 1.0
(503, 504): 1.0
(504, 505): 1.0
(505, 506): 2.0
(505, 507): 1.0
(505, 508): 1.5
(508, 498): 1.1
(508, 509): -1.0
(509, 499): 1.0
(509, 510): -1.0
(510, 500): -1.0
(510, 506): -1.0
(510, 511): 1.0
(511, 501): -1.0
(511, 507): -1.0
(511, 512): 1.0
(512, 502): -1.0
(512, 508): -1.0
(512, 513): 1.0
(513, 514): 1.0
(514, 515): 1.0
(515, 516): 1.0
(516, 517): 2.0
(516, 518): 1.0
(516, 519): 1.5
(519, 520): -1.0
(520, 521): -1.0
(521, 522): 1.0
(522, 523): 1.0
(523, 524): 1.0
(524, 525): 1.0
(525, 526): 1.0
(526, 527): 1.0
(527, 528): 2.0
(527, 529): 1.0
(527, 530): 1.5
(530, 520): 1.1
(530, 531): -1.0
(531, 521): 1.0
(531, 532): -1.0
(532, 522): -1.0
(532, 528): -1.0
(532, 533): 1.0
(533, 523): -1.0
(533, 529): -1.0
(533, 534): 1.0
(534, 524): -1.0
(534, 530): -1.0
(534, 535): 1.0
(535, 536): 1.0
(536, 537): 1.0
(537, 538): 1.0
(538, 539): 2.0
(538, 540): 1.0
(538, 541): 1.5
(541, 3): 1.1
(541, 542): -1.0
(542, 4): 1.0
(542, 543): -1.0
(543, 5): -1.0
(543, 11): -1.0
(543, 544): 1.0
(544, 6): -1.0
(544, 12): -1.0
(544, 545): 1.0
(545, 7): -1.0
(545, 13): -1.0
(545, 546): 1.0
(546, 547): 1.0
(547, 548): 1.0
(548, 549): 1.0
(549, 550): 2.0
(549, 551): 1.0
(549, 552): 1.5
(552, 542): 1.1
(552, 553): -1.0
(553, 543): 1.0
(553, 554): -1.0
(554, 544): -1.0
(554, 550): -1.0
(554, 555): 1.0
(555, 545): -1.0
(555, 551): -1.0
(555, 556): 1.0
(556, 546): -1.0
(556, 552): -1.0
(556, 557): 1.0
(557, 558): 1.0
(558, 559): 1.0
(559, 560): 1.0
(560, 561): 2.0
(560, 562): 1.0
(560, 563): 1.5
(563, 564): -1.0
(564, 565): -1.0
(565, 566): 1.0
(566, 567): 1.0
(567, 568): 1.0
(568, 569): 1.0
(569, 570): 1.0
(570, 571): 1.0
(571, 572): 2.0
(571, 573): 1.0
(571, 574): 1.5
(574, 564): 1.1
(574, 575): -1.0
(575, 565): 1.0
(575, 576): -1.0
(576, 566): -1.0
(576, 572): -1.0
(576, 577): 1.0
(577, 567): -1.0
(577, 573): -1.0
(577, 578): 1.0
(578, 568): -1.0
(578, 574): -1.0
(578, 579): 1.0
(579, 580): 1.0
(580, 581): 1.0
(581, 582): 1.0
(582, 583): 2.0
(582, 584): 1.0
(582, 585): 1.5
(585, 3): 1.1
(585, 586): -1.0
(586, 4): 1.0
(586, 587): -1.0
(587, 5): -1.0
(587, 11): -1.0
(587, 588): 1.0
(588, 6): -1.0
(588, 12): -1.0
(588, 589): 1.0
(589, 7): -1.0
(589, 13): -1.0
(589, 590): 1.0
(590, 591): 1.0
(591, 592): 1.0
(592, 593): 1.0
(593, 594): 2.0
(593, 595): 1.0
(593, 596): 1.5
(596, 586): 1.1
(596, 597): -1.0
(597, 587): 1.0
(597, 598): -1.0
(598, 588): -1.0
(598, 594): -1.0
(598, 599): 1.0
(599, 589): -1.0
(599, 595): -1.0
(599, 600): 1.0
(600, 590): -1.0
(600, 596): -1.0
(600, 601): 1.0
(601, 602): 1.0
(602, 603): 1.0
(603, 604): 1.0
(604, 605): 2.0
(604, 606): 1.0
(604, 607): 1.5
(607, 608): -1.0
(608, 609): -1.0
(609, 610): 1.0
(610, 611): 1.0
(611, 612): 1.0
(612, 613): 1.0
(613, 614): 1.0
(614, 615): 1.0
(615, 616): 2.0
(615, 617): 1.0
(615, 618): 1.5
(618, 608): 1.1
(618, 619): -1.0
(619, 609): 1.0
(619, 620): -1.0
(620, 610): -1.0
(620, 616): -1.0
(620, 621): 1.0
(621, 611): -1.0
(621, 617): -1.0
(621, 622): 1.0
(622, 612): -1.0
(622, 618): -1.0
(622, 623): 1.0
(623, 624): 1.0
(624, 625): 1.0
(625, 626): 1.0
(626, 627): 2.0
(626, 628): 1.0
(626, 629): 1.5
(629, 3): 1.1
(629, 630): -1.0
(630, 4): 1.0
(630, 631): -1.0
(631, 5): -1.0
(631, 11): -1.0
(631, 632): 1.0
(632, 6): -1.0
(632, 12): -1.0
(632, 633): 1.0
(633, 7): -1.0
(633, 13): -1.0
(633, 634): 1.0
(634, 635): 1.0
(635, 636): 1.0
(636, 637): 1.0
(637, 638): 2.0
(637, 639): 1.0
(637, 640): 1.5
(640, 630): 1.1
(640, 641): -1.0
(641, 631): 1.0
(641, 642): -1.0
(642, 632): -1.0
(642, 638): -1.0
(642, 643): 1.0
(643, 633): -1.0
(643, 639): -1.0
(643, 644): 1.0
(644, 634): -1.0
(644, 640): -1.0
(644, 645): 1.0
(645, 646): 1.0
(646, 647): 1.0
(647, 648): 1.0
(648, 649): 2.0
(648, 650): 1.0
(648, 651): 1.5
(651, 652): -1.0
(652, 653): -1.0
(653, 654): 1.0
(654, 655): 1.0
(655, 656): 1.0
(656, 657): 1.0
(657, 658): 1.0
(658, 659): 1.0
(659, 660): 2.0
(659, 661): 1.0
(659, 662): 1.5
(662, 652): 1.1
(662, 663): -1.0
(663, 653): 1.0
(663, 664): -1.0
(664, 654): -1.0
(664, 660): -1.0
(664, 665): 1.0
(665, 655): -1.0
(665, 661): -1.0
(665, 666): 1.0
(666, 656): -1.0
(666, 662): -1.0
(666, 667): 1.0
(667, 668): 1.0
(668, 669): 1.0
(669, 670): 1.0
(670, 671): 2.0
(670, 672): 1.0
(670, 673): 1.5
(673, 3): 1.1
(673, 674): -1.0
(674, 4): 1.0
(674, 675): -1.0
(675, 5): -1.0
(675, 11): -1.0
(675, 676): 1.0
(676, 6): -1.0
(676, 12): -1.0
(676, 677): 1.0
(677, 7): -1.0
(677, 13): -1.0
(677, 678): 1.0
(678, 679): 1.0
(679, 680): 1.0
(680, 681): 1.0
(681, 682): 2.0
(681, 683): 1.0
(681, 684): 1.5
(684, 674): 1.1
(684, 685): -1.0
(685, 675): 1.0
(685, 686): -1.0
(686, 676): -1.0
(686, 682): -1.0
(686, 687): 1.0
(687, 677): -1.0
(687, 683): -1.0
(687, 688): 1.0
(688, 678): -1.0
(688, 684): -1.0
(688, 689): 1.0
(689, 690): 1.0
(690, 691): 1.0
(691, 692): 1.0
(692, 693): 2.0
(692, 694): 1.0
(692, 695): 1.5
(695, 696): -1.0
(696, 697): -1.0
(697, 698): 1.0
(698, 699): 1.0
(699, 700): 1.0
(700, 701): 1.0
(701, 702): 1.0
(702, 703): 1.0
(703, 704): 2.0
(703, 705): 1.0
(703, 706): 1.5
(706, 696): 1.1
(706, 707): -1.0
(707, 697): 1.0
(707, 708): -1.0
(708, 698): -1.0
(708, 704): -1.0
(708, 709): 1.0
(709, 699): -1.0
(709, 705): -1.0
(709, 710): 1.0
(710, 700): -1.0
(710, 706): -1.0
(710, 711): 1.0
(711, 712): 1.0
(712, 713): 1.0
(713, 714): 1.0
(714, 715): 2.0
(714, 716): 1.0
(714, 717): 1.5
(717, 3): 1.1
(717, 718): -1.0
(718, 4): 1.0
(718, 719): -1.0
(719, 5): -1.0
(719, 11): -1.0
(719, 720): 1.0
(720, 6): -1.0
(720, 12): -1.0
(720, 721): 1.0
(721, 7): -1.0
(721, 13): -1.0
(721, 722): 1.0
(722, 723): 1.0
(723, 724): 1.0
(724, 725): 1.0
(725, 726): 2.0
(725, 727): 1.0
(725, 728): 1.5
(728, 718): 1.1
(728, 729): -1.0
(729, 719): 1.0
(729, 730): -1.0
(730, 720): -1.0
(730, 726): -1.0
(730, 731): 1.0
(731, 721): -1.0
(731, 727): -1.0
(731, 732): 1.0
(732, 722): -1.0
(732, 728): -1.0
(732, 733): 1.0
(733, 734): 1.0
(734, 735): 1.0
(735, 736): 1.0
(736, 737): 2.0
(736, 738): 1.0
(736, 739): 1.5
(739, 740): -1.0
(740, 741): -1.0
(741, 742): 1.0
(742, 743): 1.0
(743, 744): 1.0
(744, 745): 1.0
(745, 746): 1.0
(746, 747): 1.0
(747, 748): 2.0
(747, 749): 1.0
(747, 750): 1.5
(750, 740): 1.1
(750, 751): -1.0
(751, 741): 1.0
(751, 752): -1.0
(752, 742): -1.0
(752, 748): -1.0
(752, 753): 1.0
(753, 743): -1.0
(753, 749): -1.0
(753, 754): 1.0
(754, 744): -1.0
(754, 750): -1.0
(754, 755): 1.0
(755, 756): 1.0
(756, 757): 1.0
(757, 758): 1.0
(758, 759): 2.0
(758, 760): 1.0
(758, 761): 1.5
(761, 3): 1.1
(761, 762): -1.0
(762, 4): 1.0
(762, 763): -1.0
(763, 5): -1.0
(763, 11): -1.0
(763, 764): 1.0
(764, 6): -1.0
(764, 12): -1.0
(764, 765): 1.0
(765, 7): -1.0
(765, 13): -1.0
(765, 766): 1.0
(766, 767): 1.0
(767, 768): 1.0
(768, 769): 1.0
(769, 770): 2.0
(769, 771): 1.0
(769, 772): 1.5
(772, 762): 1.1
(772, 773): -1.0
(773, 763): 1.0
(773, 774): -1.0
(774, 764): -1.0
(774, 770): -1.0
(774, 775): 1.0
(775, 765): -1.0
(775, 771): -1.0
(775, 776): 1.0
(776, 766): -1.0
(776, 772): -1.0
(776, 777): 1.0
(777, 778): 1.0
(778, 779): 1.0
(779, 780): 1.0
(780, 781): 2.0
(780, 782): 1.0
(780, 783): 1.5
(783, 784): -1.0
(784, 785): -1.0
(785, 786): 1.0
(786, 787): 1.0
(787, 788): 1.0
(788, 789): 1.0
(789, 790): 1.0
(790, 791): 1.0
(791, 792): 2.0
(791, 793): 1.0
(791, 794): 1.5
(794, 784): 1.1
(794, 795): -1.0
(795, 785): 1.0
(795, 796): -1.0
(796, 786): -1.0
(796, 792): -1.0
(796, 797): 1.0
(797, 787): -1.0
(797, 793): -1.0
(797, 798): 1.0
(798, 788): -1.0
(798, 794): -1.0
(798, 799): 1.0
(799, 800): 1.0
(800, 801): 1.0
(801, 802): 1.0
(802, 803): 2.0
(802, 804): 1.0
(802, 805): 1.5
(805, 3): 1.1
(805, 806): -1.0
(806, 4): 1.0
(806, 807): -1.0
(807, 5): -1.0
(807, 11): -1.0
(807, 808): 1.0
(808, 6): -1.0
(808, 12): -1.0
(808, 809): 1.0
(809, 7): -1.0
(809, 13): -1.0
(809, 810): 1.0
(810, 811): 1.0
(811, 812): 1.0
(812, 813): 1.0
(813, 814): 2.0
(813, 815): 1.0
(813, 816): 1.5
(816, 806): 1.1
(816, 817): -1.0
(817, 807): 1.0
(817, 818): -1.0
(818, 808): -1.0
(818, 814): -1.0
(818, 819): 1.0
(819, 809): -1.0
(819, 815): -1.0
(819, 820): 1.0
(820, 810): -1.0
(820, 816): -1.0
(820, 821): 1.0
(821, 822): 1.0
(822, 823): 1.0
(823, 824): 1.0
(824, 825): 2.0
(824, 826): 1.0
(824, 827): 1.5
(827, 828): -1.0
(828, 829): -1.0
(829, 830): 1.0
(830, 831): 1.0
(831, 832): 1.0
(832, 833): 1.0
(833, 834): 1.0
(834, 835): 1.0
(835, 836): 2.0
(835, 837): 1.0
(835, 838): 1.5
(838, 828): 1.1
(838, 839): -1.0
(839, 829): 1.0
(839, 840): -1.0
(840, 830): -1.0
(840, 836): -1.0
(840, 841): 1.0
(841, 831): -1.0
(841, 837): -1.0
(841, 842): 1.0
(842, 832): -1.0
(842, 838): -1.0
(842, 843): 1.0
(843, 844): 1.0
(844, 845): 1.0
(845, 846): 1.0
(846, 847): 2.0
(846, 848): 1.0
(846, 849): 1.5
(849, 3): 1.1
(849, 850): -1.0
(850, 4): 1.0
(850, 851): -1.0
(851, 5): -1.0
(851, 11): -1.0
(851, 852): 1.0
(852, 6): -1.0
(852, 12): -1.0
(852, 853): 1.0
(853, 7): -1.0
(853, 13): -1.0
(853, 854): 1.0
(854, 855): 1.0
(855, 856): 1.0
(856, 857): 1.0
(857, 858): 2.0
(857, 859): 1.0
(857, 860): 1.5
(860, 850): 1.1
(860, 861): -1.0
(861, 851): 1.0
(861, 862): -1.0
(862, 852): -1.0
(862, 858): -1.0
(862, 863): 1.0
(863, 853): -1.0
(863, 859): -1.0
(863, 864): 1.0
(864, 854): -1.0
(864, 860): -1.0
(864, 865): 1.0
(865, 866): 1.0
(866, 867): 1.0
(867, 868): 1.0
(868, 869): 2.0
(868, 870): 1.0
(868, 871): 1.5
(871, 872): -1.0
(872, 873): -1.0
(873, 874): 1.0
(874, 875): 1.0
(875, 876): 1.0
(876, 877): 1.0
(877, 878): 1.0
(878, 879): 1.0
(879, 880): 2.0
(879, 881): 1.0
(879, 882): 1.5
(882, 872): 1.1
(882, 883): -1.0
(883, 873): 1.0
(883, 884): -1.0
(884, 874): -1.0
(884, 880): -1.0
(884, 885): 1.0
(885, 875): -1.0
(885, 881): -1.0
(885, 886): 1.0
(886, 876): -1.0
(886, 882): -1.0
(886, 887): 1.0
(887, 888): 1.0
(888, 889): 1.0
(889, 890): 1.0
(890, 891): 2.0
(890, 892): 1.0
(890, 893): 1.5
(893, 3): 1.1
(893, 894): -1.0
(894, 4): 1.0
(894, 895): -1.0
(895, 5): -1.0
(895, 11): -1.0
(895, 896): 1.0
(896, 6): -1.0
(896, 12): -1.0
(896, 897): 1.0
(897, 7): -1.0
(897, 13): -1.0
(897, 898): 1.0
(898, 899): 1.0
(899, 900): 1.0
(900, 901): 1.0
(901, 902): 2.0
(901, 903): 1.0
(901, 904): 1.5
(904, 894): 1.1
(904, 905): -1.0
(905, 895): 1.0
(905, 906): -1.0
(906, 896): -1.0
(906, 902): -1.0
(906, 907): 1.0
(907, 897): -1.0
(907, 903): -1.0
(907, 908): 1.0
(908, 898): -1.0
(908, 904): -1.0
(908, 909): 1.0
(909, 910): 1.0
(910, 911): 1.0
(911, 912): 1.0
(912, 913): 2.0
(912, 914): 1.0
(912, 915): 1.5
(915, 916): -1.0
(916, 917): -1.0
(917, 918): 1.0
(918, 919): 1.0
(919, 920): 1.0
(920, 921): 1.0
(921, 922): 1.0
(922, 923): 1.0
(923, 924): 2.0
(923, 925): 1.0
(923, 926): 1.5
(926, 916): 1.1
(926, 927): -1.0
(927, 917): 1.0
(927, 928): -1.0
(928, 918): -1.0
(928, 924): -1.0
(928, 929): 1.0
(929, 919): -1.0
(929, 925): -1.0
(929, 930): 1.0
(930, 920): -1.0
(930, 926): -1.0
(930, 931): 1.0
(931, 932): 1.0
(932, 933): 1.0
(933, 934): 1.0
(934, 935): 2.0
(934, 936): 1.0
(934, 937): 1.5
(937, 3): 1.1
(937, 938): -1.0
(938, 4): 1.0
(938, 939): -1.0
(939, 5): -1.0
(939, 11): -1.0
(939, 940): 1.0
(940, 6): -1.0
(940, 12): -1.0
(940, 941): 1.0
(941, 7): -1.0
(941, 13): -1.0
(941, 942): 1.0
(942, 943): 1.0
(943, 944): 1.0
(944, 945): 1.0
(945, 946): 2.0
(945, 947): 1.0
(945, 948): 1.5
(948, 938): 1.1
(948, 949): -1.0
(949, 939): 1.0
(949, 950): -1.0
(950, 940): -1.0
(950, 946): -1.0
(950, 951): 1.0
(951, 941): -1.0
(951, 947): -1.0
(951, 952): 1.0
(952, 942): -1.0
(952, 948): -1.0
(952, 953): 1.0
(953, 954): 1.0
(954, 955): 1.0
(955, 956): 1.0
(956, 957): 2.0
(956, 958): 1.0
(956, 959): 1.5
(959, 960): -1.0
(960, 961): -1.0
(961, 962): 1.0
(962, 963): 1.0
(963, 964): 1.0
(964, 965): 1.0
(965, 966): 1.0
(966, 967): 1.0
(967, 968): 2.0
(967, 969): 1.0
(967, 970): 1.5
(970, 960): 1.1
(970, 971): -1.0
(971, 961): 1.0
(971, 972): -1.0
(972, 962): -1.0
(972, 968): -1.0
(972, 973): 1.0
(973, 963): -1.0
(973, 969): -1.0
(973, 974): 1.0
(974, 964): -1.0
(974, 970): -1.0
(974, 975): 1.0
(975, 976): 1.0
(976, 977): 1.0
(977, 978): 1.0
(978, 979): 2.0
(978, 980): 1.0
(978, 981): 1.5
(981, 3): 1.1
(981, 982): -1.0
(982, 4): 1.0
(982, 983): -1.0
(983, 5): -1.0
(983, 11): -1.0
(983, 984): 1.0
(984, 6): -1.0
(984, 12): -1.0
(984, 985): 1.0
(985, 7): -1.0
(985, 13): -1.0
(985, 986): 1.0
(986, 987): 1.0
(987, 988): 1.0
(988, 989): 1.0
(989, 990): 2.0
(989, 991): 1.0
(989, 992): 1.5
(992, 982): 1.1
(992, 993): -1.0
(993, 983): 1.0
(993, 994): -1.0
(994, 984): -1.0
(994, 990): -1.0
(994, 995): 1.0
(995, 985): -1.0
(995, 991): -1.0
(995, 996): 1.0
(996, 986): -1.0
(996, 992): -1.0
(996, 997): 1.0
(997, 998): 1.0
(998, 999): 1.0
(999, 1000): 1.0
(1000, 1001): 2.0
(1000, 1002): 1.0
(1000, 1003): 1.5
(1003, 1004): -1.0
(1004, 1005): -1.0
(1005, 1006): 1.0
(1006, 1007): 1.0
(1007, 1008): 1.0
(1008, 1009): 1.0
(1009, 1010): 1.0
(1010, 1011): 1.0
(1011, 1012): 2.0
(1011, 1013): 1.0
(1011, 1014): 1.5
(1014, 1004): 1.1
(1014, 1015): -1.0
(1015, 1005): 1.0
(1015, 1016): -1.0
(1016, 1006): -1.0
(1016, 1012): -1.0
(1016, 1017): 1.0
(1017, 1007): -1.0
(1017, 1013): -1.0
(1017, 1018): 1.0
(1018, 1008): -1.0
(1018, 1014): -1.0
(1018, 1019): 1.0
(1019, 1020): 1.0
(1020, 1021): 1.0
(1021, 1022): 1.0
(1022, 1023): 2.0
(1022, 1024): 1.0
(1022, 1025): 1.5
(1025, 3): 1.1
(1025, 1026): -1.0
(1026, 4): 1.0
(1026, 1027): -1.0
(1027, 5): -1.0
(1027, 11): -1.0
(1027, 1028): 1.0
(1028, 6): -1.0
(1028, 12): -1.0
(1028, 1029): 1.0
(1029, 7): -1.0
(1029, 13): -1.0
(1029, 1030): 1.0
(1030, 1031): 1.0
(1031, 1032): 1.0
(1032, 1033): 1.0
(1033, 1034): 2.0
(1033, 1035): 1.0
(1033, 1036): 1.5
(1036, 1026): 1.1
(1036, 1037): -1.0
(1037, 1027): 1.0
(1037, 1038): -1.0
(1038, 1028): -1.0
(1038, 1034): -1.0
(1038, 1039): 1.0
(1039, 1029): -1.0
(1039, 1035): -1.0
(1039, 1040): 1.0
(1040, 1030): -1.0
(1040, 1036): -1.0
(1040, 1041): 1.0
(1041, 1042): 1.0
(1042, 1043): 1.0
(1043, 1044): 1.0
(1044, 1045): 2.0
(1044, 1046): 1.0
(1044, 1047): 1.5
(1047, 1048): -1.0
(1048, 1049): -1.0
(1049, 1050): 1.0
(1050, 1051): 1.0
(1051, 1052): 1.0
(1052, 1053): 1.0
(1053, 1054): 1.0
(1054, 1055): 1.0
(1055, 1056): 2.0
(1055, 1057): 1.0
(1055, 1058): 1.5
(1058, 1048): 1.1
(1058, 1059): -1.0
(1059, 1049): 1.0
(1059, 1060): -1.0
(1060, 1050): -1.0
(1060, 1056): -1.0
(1060, 1061): 1.0
(1061, 1051): -1.0
(1061, 1057): -1.0
(1061, 1062): 1.0
(1062, 1052): -1.0
(1062, 1058): -1.0
(1062, 1063): 1.0
(1063, 1064): 1.0
(1064, 1065): 1.0
(1065, 1066): 1.0
(1066, 1067): 2.0
(1066, 1068): 1.0
(1066, 1069): 1.5
(1069, 3): 1.1
(1069, 1070): -1.0
(1070, 4): 1.0
(1070, 1071): -1.0
(1071, 5): -1.0
(1071, 11): -1.0
(1071, 1072): 1.0
(1072, 6): -1.0
(1072, 12): -1.0
(1072, 1073): 1.0
(1073, 7): -1.0
(1073, 13): -1.0
(1073, 1074): 1.0
(1074, 1075): 1.0
(1075, 1076): 1.0
(1076, 1077): 1.0
(1077, 1078): 2.0
(1077, 1079): 1.0
(1077, 1080): 1.5
(1080, 1070): 1.1
(1080, 1081): -1.0
(1081, 1071): 1.0
(1081, 1082): -1.0
(1082, 1072): -1.0
(1082, 1078): -1.0
(1082, 1083): 1.0
(1083, 1073): -1.0
(1083, 1079): -1.0
(1083, 1084): 1.0
(1084, 1074): -1.0
(1084, 1080): -1.0
(1084, 1085): 1.0
(1085, 1086): 1.0
(1086, 1087): 1.0
(1087, 1088): 1.0
(1088, 1089): 2.0
(1088, 1090): 1.0
(1088, 1091): 1.5
(1091, 1092): -1.0
(1092, 1093): -1.0
(1093, 1094): 1.0
(1094, 1095): 1.0
(1095, 1096): 1.0
(1096, 1097): 1.0
(1097, 1098): 1.0
(1098, 1099): 1.0
(1099, 1100): 2.0
(1099, 1101): 1.0
(1099, 1102): 1.5
(1102, 1092): 1.1
(1102, 1103): -1.0
(1103, 1093): 1.0
(1103, 1104): -1.0
(1104, 1094): -1.0
(1104, 1100): -1.0
(1104, 1105): 1.0
(1105, 1095): -1.0
(1105, 1101): -1.0
(1105, 1106): 1.0
(1106, 1096): -1.0
(1106, 1102): -1.0
(1106, 1107): 1.0
(1107, 1108): 1.0
(1108, 1109): 1.0
(1109, 1110): 1.0
(1110, 1111): 2.0
(1110, 1112): 1.0
(1110, 1113): 1.5
]

b = [
0
0
0
0
0
0
0
0
0
0
0
0
0
0
0
0
0
0
0
0
0
0
0
0
0
0
0
0
0
0
0
0
0
0
0
0
0
0
0
0
0
0
0
0
0
0
0
0
0
0
0
0
0
0
0
0
0
0
0
0
0
0
0
0
0
0
0
0
0
0
0
0
0
0
0
0
0
0
0
0
0
0
0
0
0
0
0
0
0
0
0
0
0
0
0
0
0
0
0
0
0
0
0
0
0
0
0
0
0
0
0
0
0
0
0
0
0
0
0
0
0
0
0
0
0
0
0
0
0
0
0
0
0
0
0
0
0
0
0
0
0
0
0
0
0
0
0
0
0
0
0
0
0
0
0
0
0
0
0
0
0
0
0
0
0
0
0
0
0
0
0
0
0
0
0
0
0
0
0
0
0
0
0
0
0
0
0
0
0
0
0
0
0
0
0
0
0
0
0
0
0
0
0
0
0
0
0
0
0
0
0
0
0
0
0
0
0
0
0
0
0
0
0
0
0
0
0
0
0
0
0
0
0
0
0
0
0
0
0
0
0
0
0
0
0
0
0
0
0
0
0
0
0
0
0
0
0
0
0
0
0
0
0
0
0
0
0
0
0
0
0
0
0
0
0
0
0
0
0
0
0
0
0
0
0
0
0
0
0
0
0
0
0
0
0
0
0
0
0
0
0
0
0
0
0
0
0
0
0
0
0
0
0
0
0
0
0
0
0
0
0
0
0
0
0
0
0
0
0
0
0
0
0
0
0
0
0
0
0
0
0
0
0
0
0
0
0
0
0
0
0
0
0
0
0
0
0
0
0
0
0
0
0
0
0
0
0
0
0
0
0
0
0
0
0
0
0
0
0
0
0
0
0
0
0
0
0
0
0
0
0
0
0
0
0
0
0
0
0
0
0
0
0
0
0
0
0
0
0
0
0
0
0
0
0
0
0
0
0
0
0
0
0
0
0
0
0
0
0
0
0
0
0
0
0
0
0
0
0
0
0
0
0
0
0
0
0
0
0
0
0
0
0
0
0
0
0
0
0
0
0
0
0
0
0
0
0
0
0
0
0
0
0
0
0
0
0
0
0
0
0
0
0
0
0
0
0
0
0
0
0
0
0
0
0
0
0
0
0
0
0
0
0
0
0
0
0
0
0
0
0
0
0
0
0
0
0
0
0
0
0
0
0
0
0
0
0
0
0
0
0
0
0
0
0
0
0
0
0
0
0
0
0
0
0
0
0
0
0
0
0
0
0
0
0
0
0
0
0
0
0
0
0
0
0
0
0
0
0
0
0
0
0
0
0
0
0
0
0
0
0
0
0
0
0
0
0
0
0
0
0
0
0
0
0
0
0
0
0
0
0
0
0
0
0
0
0
0
0
0
0
0
0
0
0
0
0
0
0
0
0
0
0
0
0
0
0
0
0
0
0
0
0
0
0
0
0
0
0
0
0
0
0
0
0
0
0
0
0
0
0
0
0
0
0
0
0
0
0
0
0
0
0
0
0
0
0
0
0
0
0
0
0
0
0
0
0
0
0
0
0
0
0
0
0
0
0
0
0
0
0
0
0
0
0
0
0
0
0
0
0
0
0
0
0
0
0
0
0
0
0
0
0
0
0
0
0
0
0
0
0
0
0
0
0
0
0
0
0
0
0
0
0
0
0
0
0
0
0
0
0
0
0
0
0
0
0
0
0
0
0
0
0
0
0
0
0
0
0
0
0
0
0
0
0
0
0
0
0
0
0
0
0
0
0
0
0
0
0
0
0
0
0
0
0
0
0
0
0
0
0
0
0
0
0
0
0
0
0
0
0
0
0
0
0
0
0
0
0
0
0
0
0
0
0
0
0
0
0
0
0
0
0
0
0
0
0
0
0
0
0
0
0
0
0
0
0
0
0
0
0
0
0
0
0
0
0
0
0
0
0
0
0
0
0
0
0
0
0
0
0
0
0
0
0
0
0
0
0
0
0
0
0
0
0
0
0
0
0
0
0
0
0
0
0
0
0
0
0
0
0
0
0
0
0
0
0
0
0
0
0
0
0
0
0
0
0
0
0
0
0
0
0
0
0
0
0
0
0
0
0
0
0
0
0
0
0
0
0
0
0
0
0
0
0
0
0
0
0
0
0
0
0
0
0
0
0
0
0
0
0
0
0
0
0
0
0
0
0
0
0
0
0
0
0
0
0
0
0
0
0
0
0
0
0
0
0
0
0
0
0
0
0
0
0
0
0
0
0
0
0
0
0
0
0
0
0
0
0
0
0
0
0
0
0
0
0
0
0
0
0
0
0
0
0
0
0
0
0
0
0
0
0
0
0
0
0
0
0
0
0
0
0
0
0
0
0
0
0
0
0
0
0
0
0
0
0
0
0
0
0
0
0
0
0
0
0
0
0
0
0
0
0
0
0
0
0
0
0
0
0
0
0
0
0
0
0
0
0
0
0
0
0
0
0
0
0
0
0
0
0
0
0
0
0
0
0
0
0
0
0
0
0
0
0
0
0
0
0
0
0
0
0
]

c = [
0
0
0
-1.0
0
0
0
0
0
0
0
0
0
0
0
0
0
0
0
0
0
0
0
0
0
0
0
0
0
0
0
0
0
0
0
0
0
0
0
0
0
0
0
0
0
0
0
0
0
0
0
0
0
0
0
0
0
0
0
0
0
0
0
0
0
0
0
0
0
0
0
0
0
0
0
0
0
0
0
0
0
0
0
0
0
0
0
0
0
0
0
0
0
0
0
0
0
0
0
0
0
0
0
0
0
0
0
0
0
0
0
0
0
0
0
0
0
0
0
0
0
0
0
0
0
0
0
0
0
0
0
0
0
0
0
0
0
0
0
0
0
0
0
0
0
0
0
0
0
0
0
0
0
0
0
0
0
0
0
0
0
0
0
0
0
0
0
0
0
0
0
0
0
0
0
0
0
0
0
0
0
0
0
0
0
0
0
0
0
0
0
0
0
0
0
0
0
0
0
0
0
0
0
0
0
0
0
0
0
0
0
0
0
0
0
0
0
0
0
0
0
0
0
0
0
0
0
0
0
0
0
0
0
0
0
0
0
0
0
0
0
0
0
0
0
0
0
0
0
0
0
0
0
0
0
0
0
0
0
0
0
0
0
0
0
0
0
0
0
0
0
0
0
0
0
0
0
0
0
0
0
0
0
0
0
0
0
0
0
0
0
0
0
0
0
0
0
0
0
0
0
0
0
0
0
0
0
0
0
0
0
0
0
0
0
0
0
0
0
0
0
0
0
0
0
0
0
0
0
0
0
0
0
0
0
0
0
0
0
0
0
0
0
0
0
0
0
0
0
0
0
0
0
0
0
0
0
0
0
0
0
0
0
0
0
0
0
0
0
0
0
0
0
0
0
0
0
0
0
0
0
0
0
0
0
0
0
0
0
0
0
0
0
0
0
0
0
0
0
0
0
0
0
0
0
0
0
0
0
0
0
0
0
0
0
0
0
0
0
0
0
0
0
0
0
0
0
0
0
0
0
0
0
0
0
0
0
0
0
0
0
0
0
0
0
0
0
0
0
0
0
0
0
0
0
0
0
0
0
0
0
0
0
0
0
0
0
0
0
0
0
0
0
0
0
0
0
0
0
0
0
0
0
0
0
0
0
0
0
0
0
0
0
0
0
0
0
0
0
0
0
0
0
0
0
0
0
0
0
0
0
0
0
0
0
0
0
0
0
0
0
0
0
0
0
0
0
0
0
0
0
0
0
0
0
0
0
0
0
0
0
0
0
0
0
0
0
0
0
0
0
0
0
0
0
0
0
0
0
0
0
0
0
0
0
0
0
0
0
0
0
0
0
0
0
0
0
0
0
0
0
0
0
0
0
0
0
0
0
0
0
0
0
0
0
0
0
0
0
0
0
0
0
0
0
0
0
0
0
0
0
0
0
0
0
0
0
0
0
0
0
0
0
0
0
0
0
0
0
0
0
0
0
0
0
0
0
0
0
0
0
0
0
0
0
0
0
0
0
0
0
0
0
0
0
0
0
0
0
0
0
0
0
0
0
0
0
0
0
0
0
0
0
0
0
0
0
0
0
0
0
0
0
0
0
0
0
0
0
0
0
0
0
0
0
0
0
0
0
0
0
0
0
0
0
0
0
0
0
0
0
0
0
0
0
0
0
0
0
0
0
0
0
0
0
0
0
0
0
0
0
0
0
0
0
0
0
0
0
0
0
0
0
0
0
0
0
0
0
0
0
0
0
0
0
0
0
0
0
0
0
0
0
0
0
0
0
0
0
0
0
0
0
0
0
0
0
0
0
0
0
0
0
0
0
0
0
0
0
0
0
0
0
0
0
0
0
0
0
0
0
0
0
0
0
0
0
0
0
0
0
0
0
0
0
0
0
0
0
0
0
0
0
0
0
0
0
0
0
0
0
0
0
0
0
0
0
0
0
0
0
0
0
0
0
0
0
0
0
0
0
0
0
0
0
0
0
0
0
0
0
0
0
0
0
0
0
0
0
0
0
0
0
0
0
0
0
0
0
0
0
0
0
0
0
0
0
0
0
0
0
0
0
0
0
0
0
0
0
0
0
0
0
0
0
0
0
0
0
0
0
0
0
0
0
0
0
0
0
0
0
0
0
0
0
0
0
0
0
0
0
0
0
0
0
0
0
0
0
0
0
0
0
0
0
0
0
0
0
0
0
0
0
0
0
0
0
0
0
0
0
0
0
0
0
0
0
0
0
0
0
0
0
0
0
0
0
0
0
0
0
0
0
0
0
0
0
0
0
0
0
0
0
0
0
0
0
0
0
0
0
0
0
0
0
0
0
0
0
0
0
0
0
0
0
0
0
0
0
0
0
0
0
0
0
0
0
0
0
0
0
0
0
0
0
0
0
0
0
0
0
0
0
0
0
0
0
0
0
0
0
0
0
0
0
0
0
0
0
0
0
0
0
0
0
0
0
0
0
0
0
0
0
0
0
0
0
0
0
0
0
0
0
0
0
0
0
0
0
0
0
0
0
0
0
0
0
0
0
0
0
0
0
0
0
0
0
0
0
0
0
0
0
0
]

Eqin = [
-1
-1
-1
0
0
0
0
-1
-1
-1
-1
-1
-1
0
0
0
0
0
-1
-1
-1
-1
-1
-1
-1
-1
-1
-1
-1
-1
-1
-1
-1
-1
-1
0
0
0
0
0
-1
-1
-1
-1
-1
-1
-1
-1
-1
-1
-1
-1
-1
-1
-1
-1
-1
0
0
0
0
0
-1
-1
-1
-1
-1
-1
-1
-1
-1
-1
-1
-1
-1
-1
-1
-1
-1
0
0
0
0
0
-1
-1
-1
-1
-1
-1
-1
-1
-1
-1
-1
-1
-1
-1
-1
-1
-1
0
0
0
0
0
-1
-1
-1
-1
-1
-1
-1
-1
-1
-1
-1
-1
-1
-1
-1
-1
-1
0
0
0
0
0
-1
-1
-1
-1
-1
-1
-1
-1
-1
-1
-1
-1
-1
-1
-1
-1
-1
0
0
0
0
0
-1
-1
-1
-1
-1
-1
-1
-1
-1
-1
-1
-1
-1
-1
-1
-1
-1
0
0
0
0
0
-1
-1
-1
-1
-1
-1
-1
-1
-1
-1
-1
-1
-1
-1
-1
-1
-1
0
0
0
0
0
-1
-1
-1
-1
-1
-1
-1
-1
-1
-1
-1
-1
-1
-1
-1
-1
-1
0
0
0
0
0
-1
-1
-1
-1
-1
-1
-1
-1
-1
-1
-1
-1
-1
-1
-1
-1
-1
0
0
0
0
0
-1
-1
-1
-1
-1
-1
-1
-1
-1
-1
-1
-1
-1
-1
-1
-1
-1
0
0
0
0
0
-1
-1
-1
-1
-1
-1
-1
-1
-1
-1
-1
-1
-1
-1
-1
-1
-1
0
0
0
0
0
-1
-1
-1
-1
-1
-1
-1
-1
-1
-1
-1
-1
-1
-1
-1
-1
-1
0
0
0
0
0
-1
-1
-1
-1
-1
-1
-1
-1
-1
-1
-1
-1
-1
-1
-1
-1
-1
0
0
0
0
0
-1
-1
-1
-1
-1
-1
-1
-1
-1
-1
-1
-1
-1
-1
-1
-1
-1
0
0
0
0
0
-1
-1
-1
-1
-1
-1
-1
-1
-1
-1
-1
-1
-1
-1
-1
-1
-1
0
0
0
0
0
-1
-1
-1
-1
-1
-1
-1
-1
-1
-1
-1
-1
-1
-1
-1
-1
-1
0
0
0
0
0
-1
-1
-1
-1
-1
-1
-1
-1
-1
-1
-1
-1
-1
-1
-1
-1
-1
0
0
0
0
0
-1
-1
-1
-1
-1
-1
-1
-1
-1
-1
-1
-1
-1
-1
-1
-1
-1
0
0
0
0
0
-1
-1
-1
-1
-1
-1
-1
-1
-1
-1
-1
-1
-1
-1
-1
-1
-1
0
0
0
0
0
-1
-1
-1
-1
-1
-1
-1
-1
-1
-1
-1
-1
-1
-1
-1
-1
-1
0
0
0
0
0
-1
-1
-1
-1
-1
-1
-1
-1
-1
-1
-1
-1
-1
-1
-1
-1
-1
0
0
0
0
0
-1
-1
-1
-1
-1
-1
-1
-1
-1
-1
-1
-1
-1
-1
-1
-1
-1
0
0
0
0
0
-1
-1
-1
-1
-1
-1
-1
-1
-1
-1
-1
-1
-1
-1
-1
-1
-1
0
0
0
0
0
-1
-1
-1
-1
-1
-1
-1
-1
-1
-1
-1
-1
-1
-1
-1
-1
-1
0
0
0
0
0
-1
-1
-1
-1
-1
-1
-1
-1
-1
-1
-1
-1
-1
-1
-1
-1
-1
0
0
0
0
0
-1
-1
-1
-1
-1
-1
-1
-1
-1
-1
-1
-1
-1
-1
-1
-1
-1
0
0
0
0
0
-1
-1
-1
-1
-1
-1
-1
-1
-1
-1
-1
-1
-1
-1
-1
-1
-1
0
0
0
0
0
-1
-1
-1
-1
-1
-1
-1
-1
-1
-1
-1
-1
-1
-1
-1
-1
-1
0
0
0
0
0
-1
-1
-1
-1
-1
-1
-1
-1
-1
-1
-1
-1
-1
-1
-1
-1
-1
0
0
0
0
0
-1
-1
-1
-1
-1
-1
-1
-1
-1
-1
-1
-1
-1
-1
-1
-1
-1
0
0
0
0
0
-1
-1
-1
-1
-1
-1
-1
-1
-1
-1
-1
-1
-1
-1
-1
-1
-1
0
0
0
0
0
-1
-1
-1
-1
-1
-1
-1
-1
-1
-1
-1
-1
-1
-1
-1
-1
-1
0
0
0
0
0
-1
-1
-1
-1
-1
-1
-1
-1
-1
-1
-1
-1
-1
-1
-1
-1
-1
0
0
0
0
0
-1
-1
-1
-1
-1
-1
-1
-1
-1
-1
-1
-1
-1
-1
-1
-1
-1
0
0
0
0
0
-1
-1
-1
-1
-1
-1
-1
-1
-1
-1
-1
-1
-1
-1
-1
-1
-1
0
0
0
0
0
-1
-1
-1
-1
-1
-1
-1
-1
-1
-1
-1
-1
-1
-1
-1
-1
-1
0
0
0
0
0
-1
-1
-1
-1
-1
-1
-1
-1
-1
-1
-1
-1
-1
-1
-1
-1
-1
0
0
0
0
0
-1
-1
-1
-1
-1
-1
-1
-1
-1
-1
-1
-1
-1
-1
-1
-1
-1
0
0
0
0
0
-1
-1
-1
-1
-1
-1
-1
-1
-1
-1
-1
-1
-1
-1
-1
-1
-1
0
0
0
0
0
-1
-1
-1
-1
-1
-1
-1
-1
-1
-1
-1
-1
-1
-1
-1
-1
-1
0
0
0
0
0
-1
-1
-1
-1
-1
-1
-1
-1
-1
-1
-1
-1
-1
-1
-1
-1
-1
0
0
0
0
0
-1
-1
-1
-1
-1
-1
-1
-1
-1
-1
-1
-1
-1
-1
-1
-1
-1
0
0
0
0
0
-1
-1
-1
-1
-1
-1
-1
-1
-1
-1
-1
-1
-1
-1
-1
-1
-1
0
0
0
0
0
-1
-1
-1
-1
-1
-1
-1
-1
-1
-1
-1
-1
-1
-1
-1
-1
-1
0
0
0
0
0
-1
-1
-1
-1
-1
-1
-1
-1
-1
-1
-1
-1
-1
-1
-1
-1
-1
0
0
0
0
0
-1
-1
-1
-1
-1
-1
-1
-1
-1
-1
-1
-1
-1
-1
-1
-1
-1
0
0
0
0
0
-1
-1
-1
-1
-1
-1
-1
-1
-1
-1
-1
-1
-1
-1
-1
-1
-1
0
0
0
0
0
-1
-1
-1
-1
-1
-1
-1
-1
-1
-1
-1
-1
-1
-1
-1
-1
-1
0
0
0
0
0
-1
-1
-1
-1
-1
-1
-1
-1
-1
-1
-1
-1
-1
-1
-1
-1
-1
]

MinMax = 1
